function dy=pr6(t,y)

dy=[-0.435*y(1)-0.5*y(1)+0.002*y(1)*y(2)-0.02*y(1)^2;
6.098*y(2)-0.5*y(2)-0.3*y(1)*y(2)-0.002*y(2)^2]
end